425221
110784
427338
249180
493286
9769
371042
306136
538236
510329
48504
395575
482319
246963
172935
60823
505942
66706
388903
550349
187249
508101
465718
185890
137294
521141
438774
223747
369323
391722
385190
419974
2153
435208
356094
47585
480275
315492
456303
309173
43314
355817
97924
251140
557672
376307
146358
61584
239347
455301
86755
97337
554266
455597
296231
458755
461751
240049
230008
408120
255536
455085
359677
231879
471893
58393
17379
110999
482275
185473
13729
548246
197388
400803
90891
76416
46872
43435
482436
113720
55150
210789
23899
179141
481582
351530
98716
253835
304180
468632
370711
8844
131556
236599
441491
423123
140556
196442
36936
391290
214703
424135
206487
568584
47571
231125
274272
491130
224119
305309
110042
441247
9891
541773
